% Uplift record for Billingen area used for production rate calibration with the expage calibration
% site 18 (Stroeven et al. 2015). The uplift record is based on the PD2015 record (Påsse and Daniels
% 2015) but adjusted (multiplied with 1.1120) to match the highest coast line at 125 m a.s.l. at yr
% 11673.

yr0
2003


tv
0
3
13
23
33
43
53
153
253
353
453
553
653
753
853
953
1053
1153
1253
1353
1453
1553
1653
1753
1853
1953
2053
2153
2253
2353
2453
2553
2653
2753
2853
2953
3053
3153
3253
3353
3453
3553
3653
3753
3853
3953
4053
4153
4253
4353
4453
4553
4653
4753
4853
4953
5053
5153
5253
5353
5453
5553
5653
5753
5853
5953
6053
6153
6253
6353
6453
6553
6653
6753
6853
6953
7053
7153
7253
7353
7453
7553
7653
7753
7853
7953
8053
8153
8253
8353
8453
8553
8653
8753
8853
8953
9053
9153
9253
9353
9453
9553
9653
9753
9853
9953
10053
10153
10253
10353
10453
10553
10653
10753
10853
10953
11053
11153
11253
11353
11453
11553
11653
11753
11853
11953


delv
0
-0.009
-0.041
-0.072
-0.103
-0.135
-0.166
-0.482
-0.803
-1.127
-1.456
-1.789
-2.127
-2.469
-2.815
-3.166
-3.522
-3.882
-4.248
-4.618
-4.993
-5.373
-5.759
-6.150
-6.546
-6.947
-7.355
-7.767
-8.186
-8.610
-9.040
-9.476
-9.919
-10.367
-10.822
-11.283
-11.750
-12.225
-12.705
-13.193
-13.687
-14.189
-14.697
-15.213
-15.736
-16.266
-16.803
-17.348
-17.901
-18.461
-19.029
-19.605
-20.188
-20.780
-21.379
-21.986
-22.601
-23.225
-23.856
-24.495
-25.141
-25.796
-26.458
-27.127
-27.804
-28.488
-29.179
-29.877
-30.580
-31.290
-32.004
-32.723
-33.446
-34.173
-34.901
-35.631
-36.361
-37.090
-37.815
-38.537
-39.252
-39.958
-40.653
-41.336
-42.002
-42.649
-43.276
-43.878
-44.454
-45.003
-45.525
-46.020
-46.492
-46.947
-47.394
-47.846
-48.320
-48.836
-49.417
-50.086
-50.871
-51.794
-52.880
-54.149
-55.619
-57.306
-59.223
-61.383
-63.794
-66.465
-69.405
-72.619
-76.111
-79.883
-83.931
-88.249
-92.823
-97.632
-102.648
-107.833
-113.143
-118.526
-123.926
-129.286
-134.550
-139.666
