% This is the LR04stack (http://lorraine-lisiecki.com/LR04stack.txt) interpolated to the LSD tv
% Column 1: [0:10:50 60:100:50060 51060:1000:2000060 logspace(log10(2001060),7,200)]' (yr - rounded)
% Column 2: Benthic d18O (per mil)
0	3.2300
10	3.2300
20	3.2300
30	3.2300
40	3.2300
50	3.2300
60	3.2300
160	3.2300
260	3.2300
360	3.2300
460	3.2300
560	3.2300
660	3.2300
760	3.2300
860	3.2300
960	3.2300
1060	3.2300
1160	3.2286
1260	3.2248
1360	3.2192
1460	3.2124
1560	3.2050
1660	3.1976
1760	3.1908
1860	3.1852
1960	3.1814
2060	3.1800
2160	3.1829
2260	3.1909
2360	3.2026
2460	3.2170
2560	3.2327
2660	3.2486
2760	3.2635
2860	3.2762
2960	3.2854
3060	3.2900
3160	3.2918
3260	3.2934
3360	3.2949
3460	3.2962
3560	3.2973
3660	3.2982
3760	3.2990
3860	3.2995
3960	3.2999
4060	3.3000
4160	3.2989
4260	3.2958
4360	3.2914
4460	3.2859
4560	3.2800
4660	3.2741
4760	3.2686
4860	3.2642
4960	3.2611
5060	3.2600
5160	3.2615
5260	3.2657
5360	3.2719
5460	3.2798
5560	3.2886
5660	3.2980
5760	3.3074
5860	3.3162
5960	3.3239
6060	3.3300
6160	3.3348
6260	3.3393
6360	3.3433
6460	3.3471
6560	3.3508
6660	3.3544
6760	3.3580
6860	3.3618
6960	3.3657
7060	3.3700
7160	3.3750
7260	3.3809
7360	3.3873
7460	3.3940
7560	3.4006
7660	3.4067
7760	3.4120
7860	3.4162
7960	3.4190
8060	3.4200
8160	3.4189
8260	3.4158
8360	3.4114
8460	3.4059
8560	3.4000
8660	3.3941
8760	3.3886
8860	3.3842
8960	3.3811
9060	3.3800
9160	3.3830
9260	3.3913
9360	3.4038
9460	3.4195
9560	3.4373
9660	3.4561
9760	3.4748
9860	3.4924
9960	3.5078
10060	3.5200
10160	3.5293
10260	3.5373
10360	3.5442
10460	3.5505
10560	3.5567
10660	3.5632
10760	3.5703
10860	3.5786
10960	3.5883
11060	3.6000
11160	3.6176
11260	3.6434
11360	3.6757
11460	3.7124
11560	3.7517
11660	3.7916
11760	3.8303
11860	3.8659
11960	3.8964
12060	3.9200
12160	3.9382
12260	3.9540
12360	3.9681
12460	3.9809
12560	3.9930
12660	4.0048
12760	4.0169
12860	4.0298
12960	4.0440
13060	4.0600
13160	4.0781
13260	4.0979
13360	4.1191
13460	4.1415
13560	4.1645
13660	4.1880
13760	4.2117
13860	4.2351
13960	4.2580
14060	4.2800
14160	4.3012
14260	4.3219
14360	4.3423
14460	4.3626
14560	4.3828
14660	4.4033
14760	4.4240
14860	4.4453
14960	4.4672
15060	4.4900
15160	4.5145
15260	4.5412
15360	4.5694
15460	4.5983
15560	4.6274
15660	4.6558
15760	4.6830
15860	4.7082
15960	4.7308
16060	4.7500
16160	4.7665
16260	4.7814
16360	4.7951
16460	4.8078
16560	4.8198
16660	4.8315
16760	4.8430
16860	4.8548
16960	4.8670
17060	4.8800
17160	4.8948
17260	4.9118
17360	4.9301
17460	4.9487
17560	4.9669
17660	4.9837
17760	4.9983
17860	5.0098
17960	5.0173
18060	5.0200
18160	5.0183
18260	5.0138
18360	5.0070
18460	4.9989
18560	4.9900
18660	4.9811
18760	4.9730
18860	4.9662
18960	4.9617
19060	4.9600
19160	4.9608
19260	4.9631
19360	4.9665
19460	4.9706
19560	4.9750
19660	4.9794
19760	4.9835
19860	4.9869
19960	4.9892
20060	4.9900
20160	4.9882
20260	4.9831
20360	4.9755
20460	4.9660
20560	4.9555
20660	4.9444
20760	4.9337
20860	4.9239
20960	4.9158
21060	4.9100
21160	4.9058
21260	4.9021
21360	4.8986
21460	4.8955
21560	4.8925
21660	4.8898
21760	4.8873
21860	4.8848
21960	4.8824
22060	4.8800
22160	4.8778
22260	4.8758
22360	4.8740
22460	4.8722
22560	4.8706
22660	4.8689
22760	4.8670
22860	4.8650
22960	4.8627
23060	4.8600
23160	4.8563
23260	4.8511
23360	4.8450
23460	4.8383
23560	4.8314
23660	4.8249
23760	4.8190
23860	4.8143
23960	4.8111
24060	4.8100
24160	4.8103
24260	4.8110
24360	4.8122
24460	4.8135
24560	4.8150
24660	4.8165
24760	4.8178
24860	4.8190
24960	4.8197
25060	4.8200
25160	4.8158
25260	4.8044
25360	4.7876
25460	4.7672
25560	4.7450
25660	4.7228
25760	4.7024
25860	4.6856
25960	4.6742
26060	4.6700
26160	4.6722
26260	4.6783
26360	4.6873
26460	4.6982
26560	4.7100
26660	4.7218
26760	4.7327
26860	4.7417
26960	4.7478
27060	4.7500
27160	4.7500
27260	4.7500
27360	4.7500
27460	4.7500
27560	4.7500
27660	4.7500
27760	4.7500
27860	4.7500
27960	4.7500
28060	4.7500
28160	4.7497
28260	4.7490
28360	4.7478
28460	4.7462
28560	4.7442
28660	4.7419
28760	4.7393
28860	4.7364
28960	4.7333
29060	4.7300
29160	4.7242
29260	4.7142
29360	4.7013
29460	4.6864
29560	4.6708
29660	4.6555
29760	4.6416
29860	4.6304
29960	4.6228
30060	4.6200
30160	4.6200
30260	4.6200
30360	4.6200
30460	4.6200
30560	4.6200
30660	4.6200
30760	4.6200
30860	4.6200
30960	4.6200
31060	4.6200
31160	4.6196
31260	4.6186
31360	4.6169
31460	4.6149
31560	4.6125
31660	4.6099
31760	4.6073
31860	4.6046
31960	4.6022
32060	4.6000
32160	4.5978
32260	4.5954
32360	4.5927
32460	4.5901
32560	4.5875
32660	4.5851
32760	4.5831
32860	4.5814
32960	4.5804
33060	4.5800
33160	4.5803
33260	4.5810
33360	4.5822
33460	4.5835
33560	4.5850
33660	4.5865
33760	4.5878
33860	4.5890
33960	4.5897
34060	4.5900
34160	4.5892
34260	4.5869
34360	4.5833
34460	4.5786
34560	4.5730
34660	4.5669
34760	4.5603
34860	4.5534
34960	4.5466
35060	4.5400
35160	4.5323
35260	4.5224
35360	4.5111
35460	4.4991
35560	4.4870
35660	4.4755
35760	4.4654
35860	4.4573
35960	4.4519
36060	4.4500
36160	4.4503
36260	4.4510
36360	4.4522
36460	4.4535
36560	4.4550
36660	4.4565
36760	4.4578
36860	4.4590
36960	4.4597
37060	4.4600
37160	4.4586
37260	4.4548
37360	4.4492
37460	4.4424
37560	4.4350
37660	4.4276
37760	4.4208
37860	4.4152
37960	4.4114
38060	4.4100
38160	4.4139
38260	4.4246
38360	4.4402
38460	4.4593
38560	4.4800
38660	4.5007
38760	4.5198
38860	4.5354
38960	4.5461
39060	4.5500
39160	4.5500
39260	4.5500
39360	4.5500
39460	4.5500
39560	4.5500
39660	4.5500
39760	4.5500
39860	4.5500
39960	4.5500
40060	4.5500
40160	4.5490
40260	4.5464
40360	4.5424
40460	4.5375
40560	4.5320
40660	4.5264
40760	4.5210
40860	4.5162
40960	4.5124
41060	4.5100
41160	4.5086
41260	4.5074
41360	4.5065
41460	4.5057
41560	4.5050
41660	4.5043
41760	4.5035
41860	4.5026
41960	4.5014
42060	4.5000
42160	4.4976
42260	4.4938
42360	4.4890
42460	4.4836
42560	4.4780
42660	4.4725
42760	4.4676
42860	4.4636
42960	4.4610
43060	4.4600
43160	4.4606
43260	4.4621
43360	4.4643
43460	4.4670
43560	4.4700
43660	4.4730
43760	4.4757
43860	4.4779
43960	4.4794
44060	4.4800
44160	4.4758
44260	4.4644
44360	4.4476
44460	4.4272
44560	4.4050
44660	4.3828
44760	4.3624
44860	4.3456
44960	4.3342
45060	4.3300
45160	4.3306
45260	4.3324
45360	4.3350
45460	4.3383
45560	4.3420
45660	4.3460
45760	4.3500
45860	4.3538
45960	4.3572
46060	4.3600
46160	4.3622
46260	4.3642
46360	4.3659
46460	4.3675
46560	4.3691
46660	4.3708
46760	4.3726
46860	4.3747
46960	4.3771
47060	4.3800
47160	4.3843
47260	4.3907
47360	4.3986
47460	4.4074
47560	4.4167
47660	4.4258
47760	4.4343
47860	4.4415
47960	4.4469
48060	4.4500
48160	4.4517
48260	4.4533
48360	4.4547
48460	4.4560
48560	4.4572
48660	4.4582
48760	4.4589
48860	4.4595
48960	4.4599
49060	4.4600
49160	4.4568
49260	4.4481
49360	4.4352
49460	4.4195
49560	4.4023
49660	4.3849
49760	4.3686
49860	4.3548
49960	4.3449
50060	4.3400
51060	4.3300
52060	4.3100
53060	4.4400
54060	4.3800
55060	4.3100
56060	4.3500
57060	4.4300
58060	4.4900
59060	4.4300
60060	4.6000
61060	4.5100
62060	4.6000
63060	4.5300
64060	4.3600
65060	4.4800
66060	4.5700
67060	4.4400
68060	4.4200
69060	4.4700
70060	4.3200
71060	4.2200
72060	4.2100
73060	4.2300
74060	4.0300
75060	3.9500
76060	4.0600
77060	4.0800
78060	4.0500
79060	4.0500
80060	3.9000
81060	3.8200
82060	3.8000
83060	3.8300
84060	3.8200
85060	3.9500
86060	4.0600
87060	4.1800
88060	4.1100
89060	4.0800
90060	4.0600
91060	4.0300
92060	3.9800
93060	3.9000
94060	3.8400
95060	3.7700
96060	3.7500
97060	3.8300
98060	3.9000
99060	3.7800
100060	3.8100
101060	3.9200
102060	3.8600
103060	3.8800
104060	3.9200
105060	3.8500
106060	4.0000
107060	4.0400
108060	4.1100
109060	4.1200
110060	4.0400
111060	4.0200
112060	4.0300
113060	3.9300
114060	3.8100
115060	3.7100
116060	3.5800
117060	3.5400
118060	3.4400
119060	3.3000
120060	3.2700
121060	3.2600
122060	3.1800
123060	3.1000
124060	3.2700
125060	3.1400
126060	3.1600
127060	3.3700
128060	3.7100
129060	3.9000
130060	3.6700
131060	3.8100
132060	4.2000
133060	4.4100
134060	4.7000
135060	4.8600
136060	4.8200
137060	4.8000
138060	4.8900
139060	4.8700
140060	4.9800
141060	4.8100
142060	4.7500
143060	4.7800
144060	4.8200
145060	4.7400
146060	4.7700
147060	4.8200
148060	4.7100
149060	4.7500
150060	4.7500
151060	4.6600
152060	4.6400
153060	4.6200
154060	4.6600
155060	4.5100
156060	4.7800
157060	4.7400
158060	4.6900
159060	4.6600
160060	4.6900
161060	4.6500
162060	4.6600
163060	4.7000
164060	4.6800
165060	4.6800
166060	4.4800
167060	4.4100
168060	4.4800
169060	4.5000
170060	4.5000
171060	4.5300
172060	4.4600
173060	4.3800
174060	4.2800
175060	4.3200
176060	4.3900
177060	4.4600
178060	4.4400
179060	4.4800
180060	4.3900
181060	4.4600
182060	4.4800
183060	4.3700
184060	4.4000
185060	4.5900
186060	4.4700
187060	4.4000
188060	4.4600
189060	4.3900
190060	4.2800
191060	4.1300
192060	3.7600
193060	3.9200
194060	3.8400
195060	3.9100
196060	3.8200
197060	3.7400
198060	3.8200
199060	3.5700
200060	3.5300
201060	3.5300
202060	3.6300
203060	3.6100
204060	3.7800
205060	3.8200
206060	3.7700
207060	3.7800
208060	3.7100
209060	3.6400
210060	3.5700
211060	3.6000
212060	3.6100
213060	3.6500
214060	3.5600
215060	3.5400
216060	3.5300
217060	3.4800
218060	3.7200
219060	3.9400
220060	3.9800
221060	4.2300
222060	4.3800
223060	4.4400
224060	4.3900
225060	4.2800
226060	4.2900
227060	4.1900
228060	4.1900
229060	4.0200
230060	4.3000
231060	4.2200
232060	4.1700
233060	3.9700
234060	3.8400
235060	3.7100
236060	3.6600
237060	3.4700
238060	3.5100
239060	3.4400
240060	3.4400
241060	3.5400
242060	3.6800
243060	3.7800
244060	4.0500
245060	4.1700
246060	4.3800
247060	4.3100
248060	4.3800
249060	4.3600
250060	4.5000
251060	4.5800
252060	4.6300
253060	4.5200
254060	4.5700
255060	4.3700
256060	4.4300
257060	4.5500
258060	4.5100
259060	4.5200
260060	4.4600
261060	4.5200
262060	4.4500
263060	4.4600
264060	4.4200
265060	4.4400
266060	4.5000
267060	4.5000
268060	4.3300
269060	4.5200
270060	4.5100
271060	4.5000
272060	4.4400
273060	4.4400
274060	4.3800
275060	4.3800
276060	4.3000
277060	4.4400
278060	4.3100
279060	4.2300
280060	4.1400
281060	4.2100
282060	3.9800
283060	3.8700
284060	3.8600
285060	3.8400
286060	3.8200
287060	3.8900
288060	4.0200
289060	4.0600
290060	4.1000
291060	4.1100
292060	4.2700
293060	4.2200
294060	4.3300
295060	4.3100
296060	4.2300
297060	4.3000
298060	4.1700
299060	4.2300
300060	4.0200
301060	4.0600
302060	4.0600
303060	4.0000
304060	4.0700
305060	4.0700
306060	4.0500
307060	4.0000
308060	3.8500
309060	3.8600
310060	3.8000
311060	3.7000
312060	3.7900
313060	3.6900
314060	3.7700
315060	3.6200
316060	3.6900
317060	3.8900
318060	3.7600
319060	3.5800
320060	3.6600
321060	3.5300
322060	3.5300
323060	3.4700
324060	3.2100
325060	3.3100
326060	3.2300
327060	3.2200
328060	3.2300
329060	3.1900
330060	3.3000
331060	3.2900
332060	3.3900
333060	3.3800
334060	3.5100
335060	3.7500
336060	4.0800
337060	4.2300
338060	4.1700
339060	4.4200
340060	4.6000
341060	4.8400
342060	4.8300
343060	4.8000
344060	4.7600
345060	4.7900
346060	4.6800
347060	4.5300
348060	4.4900
349060	4.6200
350060	4.6700
351060	4.6400
352060	4.4700
353060	4.4700
354060	4.4000
355060	4.5900
356060	4.4600
357060	4.5500
358060	4.5800
359060	4.4900
360060	4.5400
361060	4.5000
362060	4.5000
363060	4.5300
364060	4.3600
365060	4.4600
366060	4.3200
367060	4.3700
368060	4.4000
369060	4.3800
370060	4.3600
371060	4.2700
372060	4.4200
373060	4.2900
374060	4.3400
375060	4.2000
376060	4.2100
377060	4.2000
378060	4.1900
379060	4.1700
380060	4.1900
381060	4.1500
382060	4.0500
383060	4.1200
384060	4.0800
385060	4.1400
386060	4.0200
387060	3.9900
388060	3.9200
389060	3.8900
390060	3.9600
391060	4.0000
392060	3.9700
393060	3.8600
394060	3.9200
395060	3.7600
396060	3.7200
397060	3.4700
398060	3.5400
399060	3.4800
400060	3.3200
401060	3.2000
402060	3.1700
403060	3.1500
404060	3.2000
405060	3.1100
406060	3.1900
407060	3.2100
408060	3.1700
409060	3.2200
410060	3.1500
411060	3.2900
412060	3.3100
413060	3.3800
414060	3.4100
415060	3.4100
416060	3.5100
417060	3.5700
418060	3.7500
419060	3.8100
420060	3.7700
421060	3.8500
422060	3.9400
423060	4.0200
424060	3.9200
425060	4.3000
426060	4.5000
427060	4.3000
428060	4.7200
429060	4.9100
430060	4.9800
431060	5.0500
432060	5.0500
433060	5.0800
434060	5.0800
435060	5.0200
436060	5.0700
437060	4.9000
438060	4.7900
439060	4.8700
440060	4.7600
441060	4.9500
442060	4.9600
443060	4.9100
444060	4.8200
445060	4.9100
446060	4.8200
447060	4.5100
448060	4.7700
449060	4.7300
450060	4.7500
451060	4.5800
452060	4.7300
453060	4.5600
454060	4.6000
455060	4.4100
456060	4.6200
457060	4.6300
458060	4.5500
459060	4.6300
460060	4.5600
461060	4.5900
462060	4.6100
463060	4.6100
464060	4.4400
465060	4.5700
466060	4.4600
467060	4.4400
468060	4.3800
469060	4.5100
470060	4.3300
471060	4.2500
472060	4.3200
473060	4.3600
474060	4.3900
475060	4.3500
476060	4.3000
477060	4.2700
478060	4.2200
479060	4.1200
480060	4.1200
481060	4.1700
482060	4.0100
483060	3.9700
484060	3.7900
485060	3.8100
486060	3.7600
487060	3.7200
488060	3.6700
489060	3.6000
490060	3.5400
491060	3.4700
492060	3.6300
493060	3.7200
494060	3.8300
495060	3.8300
496060	3.8300
497060	3.6800
498060	3.8200
499060	3.7500
500060	3.8400
501060	3.7800
502060	3.7500
503060	3.8100
504060	3.9100
505060	3.8600
506060	4.0100
507060	3.9300
508060	4.1600
509060	4.0600
510060	4.1400
511060	4.0600
512060	4.2200
513060	4.2500
514060	4.1000
515060	4.1000
516060	4.0100
517060	3.9600
518060	4.0700
519060	3.9600
520060	3.9500
521060	3.9100
522060	3.8800
523060	3.9300
524060	3.8300
525060	3.9200
526060	3.9700
527060	3.9600
528060	3.9200
529060	3.9900
530060	3.9700
531060	3.9200
532060	4.0100
533060	4.1100
534060	4.2700
535060	4.2900
536060	4.5500
537060	4.4300
538060	4.5400
539060	4.4800
540060	4.5300
541060	4.5000
542060	4.4500
543060	4.4500
544060	4.4600
545060	4.4300
546060	4.5100
547060	4.5300
548060	4.5500
549060	4.5300
550060	4.5000
551060	4.4500
552060	4.5200
553060	4.4600
554060	4.2900
555060	4.2500
556060	4.3900
557060	4.3500
558060	4.2500
559060	4.1700
560060	4.1400
561060	4.2100
562060	4.1400
563060	4.1700
564060	4.0100
565060	3.9600
566060	3.8600
567060	3.9400
568060	4.0000
569060	3.9700
570060	3.9100
571060	3.8900
572060	3.5900
573060	3.6500
574060	3.7300
575060	3.3900
576060	3.4600
577060	3.4800
578060	3.5000
579060	3.5700
580060	3.6900
581060	4.0000
582060	4.1300
583060	4.2900
584060	4.3100
585060	4.3300
586060	4.1800
587060	4.1100
588060	4.1900
589060	4.0700
590060	4.0900
591060	4.0700
592060	4.0200
593060	3.9900
594060	3.9000
595060	3.8800
596060	3.8900
597060	3.8000
598060	3.9900
599060	4.0200
600060	4.0700
601060	4.0367
602060	3.9700
603060	3.8533
604060	3.7700
605060	3.7850
606060	3.8000
607060	3.8000
608060	3.8000
609060	3.6450
610060	3.4900
611060	3.5031
612060	3.5200
613060	3.5246
614060	3.5300
615060	3.5799
616060	3.6600
617060	3.7280
618060	3.8100
619060	3.9436
620060	4.0900
621060	4.1982
622060	4.3100
623060	4.4660
624060	4.6300
625060	4.7821
626060	4.9000
627060	4.9638
628060	5.0100
629060	5.0557
630060	5.0800
631060	5.0710
632060	5.0500
633060	4.9840
634060	4.9300
635060	4.9650
636060	5.0000
637060	4.9000
638060	4.8000
639060	4.9050
640060	5.0100
641060	4.8938
642060	4.7500
643060	4.7012
644060	4.6800
645060	4.6957
646060	4.7200
647060	4.7393
648060	4.7500
649060	4.7300
650060	4.7100
651060	4.7500
652060	4.7900
653060	4.7845
654060	4.7700
655060	4.6655
656060	4.5700
657060	4.5729
658060	4.5800
659060	4.6012
660060	4.6400
661060	4.7309
662060	4.8000
663060	4.7047
664060	4.5800
665060	4.5253
666060	4.5000
667060	4.5750
668060	4.6500
669060	4.5350
670060	4.4200
671060	4.4700
672060	4.5200
673060	4.4975
674060	4.4600
675060	4.4330
676060	4.4000
677060	4.3357
678060	4.2600
679060	4.1838
680060	4.1400
681060	4.1450
682060	4.1500
683060	4.0900
684060	4.0300
685060	4.0800
686060	4.1300
687060	4.0662
688060	3.9500
689060	3.7988
690060	3.7000
691060	3.7050
692060	3.7100
693060	3.6867
694060	3.6400
695060	3.5583
696060	3.5000
697060	3.5257
698060	3.5700
699060	3.6078
700060	3.6500
701060	3.7050
702060	3.7600
703060	3.8010
704060	3.8400
705060	3.8837
706060	3.9300
707060	3.9918
708060	4.0300
709060	4.0050
710060	3.9800
711060	4.0052
712060	4.0600
713060	4.1564
714060	4.2900
715060	4.4591
716060	4.6100
717060	4.7043
718060	4.7500
719060	4.7073
720060	4.6600
721060	4.6551
722060	4.6500
723060	4.5617
724060	4.4400
725060	4.3781
726060	4.3200
727060	4.2229
728060	4.1600
729060	4.1600
730060	4.1600
731060	4.0900
732060	4.0200
733060	4.0774
734060	4.1500
735060	4.1743
736060	4.1900
737060	4.2033
738060	4.2100
739060	4.1600
740060	4.1100
741060	4.1274
742060	4.1700
743060	4.3081
744060	4.4800
745060	4.6045
746060	4.6700
747060	4.6300
748060	4.5900
749060	4.5950
750060	4.6000
751060	4.5400
752060	4.4800
753060	4.5086
754060	4.5500
755060	4.5764
756060	4.5900
757060	4.4250
758060	4.2600
759060	4.2950
760060	4.3300
761060	4.2200
762060	4.1100
763060	4.1950
764060	4.2800
765060	4.2031
766060	4.1100
767060	4.0886
768060	4.0700
769060	4.0353
770060	3.9900
771060	3.9323
772060	3.8700
773060	3.8150
774060	3.7600
775060	3.6977
776060	3.6400
777060	3.5980
778060	3.5600
779060	3.5100
780060	3.4800
781060	3.5079
782060	3.5400
783060	3.5448
784060	3.5500
785060	3.6130
786060	3.6800
787060	3.6895
788060	3.7000
789060	3.9126
790060	4.1600
791060	4.2149
792060	4.2700
793060	4.5273
794060	4.7400
795060	4.7050
796060	4.6700
797060	4.6750
798060	4.6800
799060	4.6800
800060	4.6800
801060	4.7050
802060	4.7300
803060	4.6445
804060	4.5500
805060	4.5388
806060	4.5300
807060	4.5148
808060	4.4900
809060	4.3918
810060	4.3100
811060	4.3450
812060	4.3800
813060	4.2587
814060	4.1200
815060	4.0995
816060	4.0800
817060	3.9818
818060	3.9000
819060	3.9300
820060	3.9600
821060	3.9300
822060	3.9000
823060	3.9055
824060	3.9200
825060	4.0195
826060	4.1100
827060	4.0300
828060	3.9500
829060	3.9894
830060	4.0400
831060	4.0606
832060	4.0700
833060	4.0256
834060	3.9500
835060	3.8694
836060	3.8200
837060	3.8986
838060	3.9900
839060	4.0114
840060	4.0200
841060	3.9360
842060	3.8100
843060	3.7327
844060	3.6700
845060	3.6113
846060	3.5800
847060	3.6050
848060	3.6300
849060	3.5650
850060	3.5000
851060	3.5750
852060	3.6500
853060	3.6445
854060	3.6300
855060	3.5486
856060	3.4600
857060	3.4319
858060	3.4200
859060	3.4284
860060	3.4500
861060	3.5716
862060	3.6800
863060	3.6300
864060	3.5800
865060	3.7778
866060	4.0600
867060	4.2047
868060	4.3200
869060	4.4207
870060	4.5100
871060	4.6094
872060	4.6700
873060	4.6761
874060	4.6800
875060	4.6863
876060	4.6900
877060	4.6400
878060	4.5900
879060	4.6350
880060	4.6800
881060	4.5500
882060	4.4200
883060	4.4450
884060	4.4700
885060	4.4700
886060	4.4700
887060	4.4638
888060	4.4500
889060	4.4243
890060	4.3900
891060	4.3469
892060	4.3200
893060	4.3650
894060	4.4100
895060	4.4072
896060	4.4000
897060	4.3692
898060	4.3300
899060	4.3111
900060	4.2900
901060	4.2285
902060	4.1700
903060	4.1520
904060	4.1400
905060	4.1313
906060	4.1200
907060	4.0507
908060	3.9900
909060	3.9900
910060	3.9900
911060	4.0400
912060	4.0900
913060	4.0600
914060	4.0300
915060	4.0382
916060	4.0600
917060	4.1977
918060	4.3700
919060	4.4563
920060	4.5100
921060	4.5378
922060	4.5500
923060	4.4988
924060	4.4300
925060	4.4050
926060	4.3800
927060	4.3283
928060	4.2600
929060	4.1692
930060	4.1000
931060	4.0843
932060	4.0700
933060	4.0194
934060	3.9800
935060	4.0000
936060	4.0200
937060	3.9400
938060	3.8600
939060	3.8750
940060	3.8900
941060	3.8088
942060	3.6900
943060	3.6113
944060	3.5700
945060	3.6000
946060	3.6300
947060	3.5629
948060	3.4800
949060	3.4599
950060	3.4400
951060	3.3622
952060	3.3000
953060	3.3450
954060	3.3900
955060	3.3600
956060	3.3300
957060	3.4782
958060	3.7300
959060	3.9563
960060	4.1600
961060	4.3057
962060	4.4200
963060	4.5248
964060	4.5800
965060	4.4570
966060	4.3000
967060	4.2508
968060	4.2100
969060	4.1515
970060	4.0900
971060	4.0344
972060	3.9800
973060	3.9243
974060	3.8700
975060	3.8152
976060	3.7700
977060	3.7367
978060	3.7200
979060	3.7315
980060	3.7600
981060	3.8599
982060	3.9900
983060	4.0792
984060	4.1500
985060	4.2094
986060	4.2400
987060	4.2308
988060	4.2100
989060	4.1626
990060	4.1100
991060	4.0855
992060	4.0600
993060	4.0048
994060	3.9400
995060	3.8764
996060	3.8400
997060	3.8400
998060	3.8400
999060	3.8731
1000060	3.9400
1001060	4.0419
1002060	4.1500
1003060	4.2351
1004060	4.2800
1005060	4.2500
1006060	4.2200
1007060	4.2200
1008060	4.2200
1009060	4.1700
1010060	4.1200
1011060	4.1250
1012060	4.1300
1013060	4.0828
1014060	3.9900
1015060	3.8373
1016060	3.7300
1017060	3.7488
1018060	3.7800
1019060	3.8113
1020060	3.8300
1021060	3.7000
1022060	3.5700
1023060	3.5916
1024060	3.6400
1025060	3.7684
1026060	3.8700
1027060	3.8550
1028060	3.8400
1029060	3.8801
1030060	3.9500
1031060	4.0077
1032060	4.0800
1033060	4.2422
1034060	4.3600
1035060	4.3450
1036060	4.3300
1037060	4.4350
1038060	4.5400
1039060	4.4519
1040060	4.3300
1041060	4.2631
1042060	4.2300
1043060	4.3050
1044060	4.3800
1045060	4.3000
1046060	4.2200
1047060	4.2550
1048060	4.2900
1049060	4.2350
1050060	4.1800
1051060	4.2250
1052060	4.2700
1053060	4.2643
1054060	4.2500
1055060	4.1807
1056060	4.1200
1057060	4.1750
1058060	4.2300
1059060	4.1731
1060060	4.0800
1061060	4.0152
1062060	3.9400
1063060	3.8041
1064060	3.6600
1065060	3.5631
1066060	3.4800
1067060	3.3845
1068060	3.3300
1069060	3.3350
1070060	3.3400
1071060	3.2750
1072060	3.2100
1073060	3.3033
1074060	3.4200
1075060	3.4542
1076060	3.4800
1077060	3.5094
1078060	3.5400
1079060	3.5701
1080060	3.6100
1081060	3.7230
1082060	3.8100
1083060	3.7550
1084060	3.7000
1085060	3.7905
1086060	3.8900
1087060	3.9012
1088060	3.9100
1089060	3.9273
1090060	3.9500
1091060	3.9860
1092060	4.0100
1093060	4.0050
1094060	4.0000
1095060	4.0083
1096060	4.0300
1097060	4.1667
1098060	4.2900
1099060	4.1951
1100060	4.0800
1101060	4.0532
1102060	4.0300
1103060	3.9842
1104060	3.9300
1105060	3.8829
1106060	3.8300
1107060	3.7346
1108060	3.6700
1109060	3.7600
1110060	3.8500
1111060	3.8450
1112060	3.8400
1113060	3.9753
1114060	4.1200
1115060	4.1309
1116060	4.1400
1117060	4.1738
1118060	4.2000
1119060	4.1450
1120060	4.0900
1121060	4.2800
1122060	4.4700
1123060	4.4050
1124060	4.3400
1125060	4.4200
1126060	4.5000
1127060	4.4500
1128060	4.3800
1129060	4.3523
1130060	4.3200
1131060	4.1727
1132060	4.0500
1133060	4.1305
1134060	4.2200
1135060	4.2345
1136060	4.2400
1137060	4.1300
1138060	4.0200
1139060	4.0200
1140060	4.0200
1141060	3.9950
1142060	3.9700
1143060	3.9800
1144060	3.9900
1145060	3.9250
1146060	3.8600
1147060	3.9400
1148060	4.0200
1149060	3.9330
1150060	3.8200
1151060	3.7720
1152060	3.7500
1153060	3.7531
1154060	3.7600
1155060	3.7769
1156060	3.7900
1157060	3.7466
1158060	3.6800
1159060	3.6284
1160060	3.6000
1161060	3.6000
1162060	3.6000
1163060	3.6300
1164060	3.6600
1165060	3.5950
1166060	3.5300
1167060	3.5407
1168060	3.5600
1169060	3.5766
1170060	3.6000
1171060	3.6666
1172060	3.7300
1173060	3.7511
1174060	3.7600
1175060	3.7500
1176060	3.7400
1177060	3.7700
1178060	3.8000
1179060	3.7000
1180060	3.6000
1181060	3.7200
1182060	3.8400
1183060	3.7450
1184060	3.6500
1185060	3.7100
1186060	3.7700
1187060	3.7200
1188060	3.6700
1189060	3.8418
1190060	4.0500
1191060	4.0999
1192060	4.1400
1193060	4.2160
1194060	4.2700
1195060	4.2750
1196060	4.2800
1197060	4.3573
1198060	4.4300
1199060	4.4274
1200060	4.4200
1201060	4.3076
1202060	4.2000
1203060	4.2700
1204060	4.3400
1205060	4.2500
1206060	4.1600
1207060	4.2400
1208060	4.3200
1209060	4.2750
1210060	4.2000
1211060	4.1250
1212060	4.0800
1213060	4.0900
1214060	4.1000
1215060	3.9770
1216060	3.8200
1217060	3.7580
1218060	3.7300
1219060	3.8500
1220060	3.9700
1221060	3.9615
1222060	3.9400
1223060	3.8512
1224060	3.7400
1225060	3.6788
1226060	3.6300
1227060	3.5908
1228060	3.5500
1229060	3.4749
1230060	3.4200
1231060	3.4149
1232060	3.4100
1233060	3.3728
1234060	3.3400
1235060	3.3600
1236060	3.3800
1237060	3.3680
1238060	3.3500
1239060	3.3370
1240060	3.3300
1241060	3.3744
1242060	3.4700
1243060	3.6479
1244060	3.8500
1245060	3.9808
1246060	4.1000
1247060	4.2619
1248060	4.3600
1249060	4.3418
1250060	4.3100
1251060	4.2732
1252060	4.2500
1253060	4.2600
1254060	4.2700
1255060	4.2127
1256060	4.1100
1257060	3.9889
1258060	3.9000
1259060	3.8784
1260060	3.8700
1261060	3.9700
1262060	4.0700
1263060	4.0236
1264060	3.9600
1265060	3.9264
1266060	3.9100
1267060	3.9100
1268060	3.9100
1269060	3.8803
1270060	3.8400
1271060	3.8198
1272060	3.8100
1273060	3.8250
1274060	3.8400
1275060	3.7826
1276060	3.7100
1277060	3.6897
1278060	3.6700
1279060	3.6077
1280060	3.5600
1281060	3.5897
1282060	3.6500
1283060	3.7410
1284060	3.8400
1285060	3.9019
1286060	3.9700
1287060	4.1203
1288060	4.2600
1289060	4.3222
1290060	4.3500
1291060	4.2706
1292060	4.1400
1293060	4.0144
1294060	3.9400
1295060	4.0700
1296060	4.2000
1297060	4.1827
1298060	4.1500
1299060	4.1045
1300060	4.0700
1301060	4.0650
1302060	4.0600
1303060	4.0226
1304060	3.9700
1305060	3.9355
1306060	3.9000
1307060	3.8547
1308060	3.8000
1309060	3.7100
1310060	3.6500
1311060	3.6667
1312060	3.6900
1313060	3.7033
1314060	3.7100
1315060	3.6500
1316060	3.5900
1317060	3.6386
1318060	3.7300
1319060	3.8614
1320060	3.9500
1321060	3.9450
1322060	3.9400
1323060	3.9629
1324060	3.9900
1325060	3.9948
1326060	4.0000
1327060	4.0473
1328060	4.0900
1329060	4.0793
1330060	4.0600
1331060	4.0357
1332060	4.0200
1333060	4.1050
1334060	4.1900
1335060	4.1900
1336060	4.1900
1337060	4.1450
1338060	4.1000
1339060	4.1450
1340060	4.1900
1341060	4.1484
1342060	4.0700
1343060	3.9611
1344060	3.8800
1345060	3.8700
1346060	3.8600
1347060	3.7746
1348060	3.6700
1349060	3.6270
1350060	3.5900
1351060	3.5400
1352060	3.4900
1353060	3.4389
1354060	3.4100
1355060	3.4470
1356060	3.5000
1357060	3.5253
1358060	3.5500
1359060	3.5841
1360060	3.6300
1361060	3.7067
1362060	3.8000
1363060	3.9095
1364060	3.9800
1365060	3.9850
1366060	3.9900
1367060	4.0974
1368060	4.2000
1369060	4.1200
1370060	4.0400
1371060	4.1500
1372060	4.2600
1373060	4.2440
1374060	4.2100
1375060	4.1360
1376060	4.0800
1377060	4.1400
1378060	4.2000
1379060	4.1391
1380060	4.0500
1381060	4.0046
1382060	3.9600
1383060	3.8909
1384060	3.8200
1385060	3.7685
1386060	3.7200
1387060	3.6519
1388060	3.6100
1389060	3.6700
1390060	3.7300
1391060	3.6600
1392060	3.5900
1393060	3.6450
1394060	3.7000
1395060	3.6295
1396060	3.5400
1397060	3.5055
1398060	3.4900
1399060	3.5163
1400060	3.5600
1401060	3.5931
1402060	3.6300
1403060	3.6771
1404060	3.7400
1405060	3.8736
1406060	3.9700
1407060	3.9700
1408060	3.9700
1409060	4.0583
1410060	4.2000
1411060	4.3267
1412060	4.4000
1413060	4.3366
1414060	4.2200
1415060	4.0839
1416060	3.9600
1417060	3.8795
1418060	3.8400
1419060	3.9000
1420060	3.9600
1421060	3.9099
1422060	3.8300
1423060	3.7601
1424060	3.7200
1425060	3.7200
1426060	3.7200
1427060	3.6774
1428060	3.6100
1429060	3.5663
1430060	3.5200
1431060	3.4363
1432060	3.3800
1433060	3.3800
1434060	3.3800
1435060	3.3100
1436060	3.2400
1437060	3.2400
1438060	3.2400
1439060	3.2540
1440060	3.2800
1441060	3.3160
1442060	3.3400
1443060	3.3350
1444060	3.3300
1445060	3.3450
1446060	3.3600
1447060	3.3550
1448060	3.3500
1449060	3.3959
1450060	3.4900
1451060	3.6254
1452060	3.8000
1453060	4.0221
1454060	4.2000
1455060	4.2766
1456060	4.3100
1457060	4.2867
1458060	4.2400
1459060	4.1645
1460060	4.1000
1461060	4.0788
1462060	4.0700
1463060	4.1450
1464060	4.2200
1465060	4.1247
1466060	3.9900
1467060	3.9306
1468060	3.8700
1469060	3.7500
1470060	3.6200
1471060	3.5221
1472060	3.4500
1473060	3.4114
1474060	3.3800
1475060	3.3363
1476060	3.3100
1477060	3.3650
1478060	3.4200
1479060	3.4050
1480060	3.3900
1481060	3.4060
1482060	3.4400
1483060	3.5140
1484060	3.5700
1485060	3.4950
1486060	3.4200
1487060	3.4200
1488060	3.4200
1489060	3.4483
1490060	3.5100
1491060	3.6230
1492060	3.7700
1493060	3.9069
1494060	4.0500
1495060	4.2418
1496060	4.3600
1497060	4.3060
1498060	4.2400
1499060	4.2190
1500060	4.2100
1501060	4.2382
1502060	4.2817
1503060	4.2771
1504060	4.2084
1505060	4.1600
1506060	4.1556
1507060	4.1528
1508060	4.1398
1509060	4.0895
1510060	4.0200
1511060	3.9040
1512060	3.7743
1513060	3.7239
1514060	3.6995
1515060	3.6900
1516060	3.7252
1517060	3.7796
1518060	3.7744
1519060	3.6928
1520060	3.6400
1521060	3.6477
1522060	3.6630
1523060	3.6753
1524060	3.6849
1525060	3.7000
1526060	3.7645
1527060	3.8588
1528060	3.9069
1529060	3.9296
1530060	3.9600
1531060	4.0386
1532060	4.1498
1533060	4.2505
1534060	4.3576
1535060	4.4100
1536060	4.3889
1537060	4.3562
1538060	4.3531
1539060	4.3694
1540060	4.3800
1541060	4.3632
1542060	4.3235
1543060	4.2653
1544060	4.1596
1545060	4.0700
1546060	4.0262
1547060	3.9913
1548060	3.9437
1549060	3.8821
1550060	3.8200
1551060	3.7499
1552060	3.6899
1553060	3.6825
1554060	3.6986
1555060	3.7200
1556060	3.7520
1557060	3.7843
1558060	3.7885
1559060	3.7780
1560060	3.7600
1561060	3.6927
1562060	3.6017
1563060	3.5733
1564060	3.5636
1565060	3.5600
1566060	3.6063
1567060	3.6943
1568060	3.7549
1569060	3.7961
1570060	3.8500
1571060	3.9767
1572060	4.1276
1573060	4.1920
1574060	4.2264
1575060	4.2400
1576060	4.2276
1577060	4.1979
1578060	4.1486
1579060	4.0481
1580060	3.9900
1581060	3.9900
1582060	3.9900
1583060	3.9754
1584060	3.8901
1585060	3.8000
1586060	3.7275
1587060	3.6694
1588060	3.6636
1589060	3.6868
1590060	3.7200
1591060	3.7814
1592060	3.8481
1593060	3.8482
1594060	3.7801
1595060	3.7100
1596060	3.6661
1597060	3.6279
1598060	3.5937
1599060	3.5650
1600060	3.5300
1601060	3.4583
1602060	3.3832
1603060	3.3844
1604060	3.4670
1605060	3.5500
1606060	3.6084
1607060	3.6529
1608060	3.6600
1609060	3.6600
1610060	3.6600
1611060	3.7374
1612060	3.8571
1613060	3.8758
1614060	3.8541
1615060	3.8400
1616060	3.8611
1617060	3.8938
1618060	3.8740
1619060	3.7380
1620060	3.6500
1621060	3.6564
1622060	3.6713
1623060	3.6900
1624060	3.7186
1625060	3.7600
1626060	3.8655
1627060	3.9879
1628060	3.9622
1629060	3.7119
1630060	3.5500
1631060	3.5570
1632060	3.5679
1633060	3.5690
1634060	3.5635
1635060	3.5600
1636060	3.5690
1637060	3.5890
1638060	3.6115
1639060	3.6405
1640060	3.6800
1641060	3.7492
1642060	3.8393
1643060	3.9167
1644060	3.9875
1645060	4.0500
1646060	4.1107
1647060	4.1597
1648060	4.1728
1649060	4.1757
1650060	4.1800
1651060	4.2031
1652060	4.2379
1653060	4.2585
1654060	4.2735
1655060	4.2800
1656060	4.2202
1657060	4.1277
1658060	4.1121
1659060	4.1230
1660060	4.1300
1661060	4.1124
1662060	4.0852
1663060	4.0852
1664060	4.1124
1665060	4.1300
1666060	4.0576
1667060	3.9396
1668060	3.9009
1669060	3.8889
1670060	3.8800
1671060	3.8731
1672060	3.8661
1673060	3.8230
1674060	3.6555
1675060	3.5500
1676060	3.6098
1677060	3.7023
1678060	3.7151
1679060	3.6854
1680060	3.6500
1681060	3.6111
1682060	3.5759
1683060	3.5710
1684060	3.5779
1685060	3.5900
1686060	3.6479
1687060	3.7255
1688060	3.7379
1689060	3.7270
1690060	3.7200
1691060	3.7265
1692060	3.7415
1693060	3.7627
1694060	3.7994
1695060	3.8200
1696060	3.8024
1697060	3.7752
1698060	3.8000
1699060	3.9628
1700060	4.0900
1701060	4.1257
1702060	4.1470
1703060	4.1469
1704060	4.1306
1705060	4.1200
1706060	4.1376
1707060	4.1648
1708060	4.1485
1709060	4.0301
1710060	3.9300
1711060	3.8938
1712060	3.8692
1713060	3.8532
1714060	3.8443
1715060	3.8300
1716060	3.7388
1717060	3.6061
1718060	3.5541
1719060	3.5295
1720060	3.5200
1721060	3.5804
1722060	3.6859
1723060	3.7400
1724060	3.7728
1725060	3.7900
1726060	3.7960
1727060	3.7995
1728060	3.7938
1729060	3.7611
1730060	3.7400
1731060	3.7822
1732060	3.8475
1733060	3.8330
1734060	3.6915
1735060	3.6000
1736060	3.6000
1737060	3.6000
1738060	3.6114
1739060	3.6713
1740060	3.7100
1741060	3.7030
1742060	3.6921
1743060	3.7314
1744060	3.9556
1745060	4.1300
1746060	4.1777
1747060	4.2060
1748060	4.2076
1749060	4.1900
1750060	4.1600
1751060	4.0541
1752060	3.9003
1753060	3.8178
1754060	3.7631
1755060	3.7400
1756060	3.7717
1757060	3.8206
1758060	3.7988
1759060	3.6356
1760060	3.5300
1761060	3.5652
1762060	3.6196
1763060	3.6154
1764060	3.5393
1765060	3.4900
1766060	3.5006
1767060	3.5169
1768060	3.5177
1769060	3.5023
1770060	3.4800
1771060	3.4366
1772060	3.3886
1773060	3.3936
1774060	3.4681
1775060	3.5300
1776060	3.5481
1777060	3.5610
1778060	3.5818
1779060	3.6119
1780060	3.6500
1781060	3.7178
1782060	3.7877
1783060	3.7969
1784060	3.7806
1785060	3.7700
1786060	3.7884
1787060	3.8286
1788060	3.8746
1789060	3.9371
1790060	3.9900
1791060	4.0240
1792060	4.0503
1793060	4.0685
1794060	4.0835
1795060	4.0900
1796060	4.0196
1797060	3.9108
1798060	3.8962
1799060	3.9289
1800060	3.9500
1801060	3.9100
1802060	3.8327
1803060	3.7716
1804060	3.7144
1805060	3.6800
1806060	3.6714
1807060	3.6655
1808060	3.6410
1809060	3.5659
1810060	3.5200
1811060	3.5763
1812060	3.6634
1813060	3.6727
1814060	3.6346
1815060	3.6100
1816060	3.7402
1817060	3.9415
1818060	3.9670
1819060	3.8929
1820060	3.8200
1821060	3.7735
1822060	3.7380
1823060	3.7272
1824060	3.7243
1825060	3.7200
1826060	3.7031
1827060	3.6705
1828060	3.6123
1829060	3.4907
1830060	3.4200
1831060	3.4862
1832060	3.5978
1833060	3.6455
1834060	3.6702
1835060	3.6800
1836060	3.6413
1837060	3.5814
1838060	3.5700
1839060	3.5700
1840060	3.5700
1841060	3.5700
1842060	3.5700
1843060	3.5720
1844060	3.5864
1845060	3.6100
1846060	3.6864
1847060	3.7824
1848060	3.7819
1849060	3.6861
1850060	3.6200
1851060	3.6154
1852060	3.6126
1853060	3.6027
1854060	3.5760
1855060	3.5600
1856060	3.5765
1857060	3.6162
1858060	3.6728
1859060	3.7744
1860060	3.8900
1861060	4.0349
1862060	4.1675
1863060	4.1885
1864060	4.1780
1865060	4.1600
1866060	4.0891
1867060	3.9927
1868060	3.9644
1869060	3.9585
1870060	3.9500
1871060	3.9028
1872060	3.8414
1873060	3.8310
1874060	3.8365
1875060	3.8400
1876060	3.8013
1877060	3.7414
1878060	3.7342
1879060	3.7559
1880060	3.7700
1881060	3.7418
1882060	3.6983
1883060	3.6962
1884060	3.7289
1885060	3.7500
1886060	3.6937
1887060	3.6066
1888060	3.5994
1889060	3.6483
1890060	3.6800
1891060	3.6554
1892060	3.6173
1893060	3.6235
1894060	3.6942
1895060	3.7400
1896060	3.7224
1897060	3.6952
1898060	3.7243
1899060	3.9038
1900060	4.0200
1901060	3.9883
1902060	3.9394
1903060	3.9383
1904060	3.9818
1905060	4.0100
1906060	3.9501
1907060	3.8533
1908060	3.8233
1909060	3.8136
1910060	3.8100
1911060	3.8100
1912060	3.8100
1913060	3.8010
1914060	3.7499
1915060	3.7000
1916060	3.6677
1917060	3.6438
1918060	3.6462
1919060	3.6789
1920060	3.7000
1921060	3.6896
1922060	3.6648
1923060	3.6259
1924060	3.5507
1925060	3.5000
1926060	3.4879
1927060	3.4810
1928060	3.4831
1929060	3.4994
1930060	3.5100
1931060	3.4889
1932060	3.4562
1933060	3.4552
1934060	3.4861
1935060	3.5200
1936060	3.5504
1937060	3.5758
1938060	3.5727
1939060	3.5346
1940060	3.5100
1941060	3.6876
1942060	3.9644
1943060	4.0230
1944060	4.0257
1945060	4.0300
1946060	4.0820
1947060	4.1560
1948060	4.1651
1949060	4.1354
1950060	4.1000
1951060	4.0706
1952060	4.0386
1953060	3.9978
1954060	3.9442
1955060	3.8900
1956060	3.8298
1957060	3.7785
1958060	3.7776
1959060	3.8203
1960060	3.8600
1961060	3.8821
1962060	3.8976
1963060	3.8880
1964060	3.8170
1965060	3.7400
1966060	3.6736
1967060	3.6189
1968060	3.6246
1969060	3.7007
1970060	3.7500
1971060	3.6620
1972060	3.5260
1973060	3.5052
1974060	3.5324
1975060	3.5500
1976060	3.5253
1977060	3.4744
1978060	3.4236
1979060	3.3618
1980060	3.3300
1981060	3.3476
1982060	3.3748
1983060	3.3779
1984060	3.3670
1985060	3.3600
1986060	3.4025
1987060	3.4850
1988060	3.5503
1989060	3.6110
1990060	3.6500
1991060	3.6676
1992060	3.6784
1993060	3.6696
1994060	3.6152
1995060	3.5800
1996060	3.6062
1997060	3.6619
1998060	3.7233
1999060	3.8062
2000060	3.8500
2001060	3.8359
2017304	3.5479
2033680	3.4379
2050189	3.7057
2066832	4.1800
2083610	3.9367
2100524	3.4469
2117575	3.7200
2134765	3.2900
2152095	4.2142
2169565	3.6993
2187177	3.3825
2204932	3.7456
2222831	3.4791
2240875	3.9817
2259066	3.2402
2277405	3.8008
2295892	3.4007
2314529	3.7352
2333318	3.4803
2352259	3.7074
2371354	3.6895
2390605	3.5553
2410011	3.2901
2429575	3.8777
2449297	3.7754
2469180	3.3158
2489224	3.9505
2509431	3.5927
2529802	3.8931
2550338	3.2150
2571041	3.4700
2591912	3.4456
2612953	3.6267
2634164	3.4464
2655547	3.3174
2677104	3.3464
2698836	3.5906
2720745	3.7970
2742831	3.0436
2765097	3.2399
2787543	3.2400
2810172	3.6501
2832984	3.1128
2855981	3.4168
2879165	3.4787
2902538	3.2100
2926100	3.4362
2949853	2.9338
2973799	3.4103
2997940	3.2312
3022276	3.4320
3046810	3.3204
3071543	3.0945
3096477	3.1624
3121614	3.2827
3146954	3.2991
3172500	3.1726
3198254	3.0454
3224217	3.2039
3250390	3.0317
3276776	3.3109
3303376	3.5051
3330192	3.2104
3357225	3.2058
3384478	3.2624
3411953	3.0406
3439650	2.9000
3467572	3.1788
3495721	3.0538
3524098	3.1753
3552706	3.1158
3581546	3.1766
3610620	2.9324
3639930	3.0530
3669478	3.4491
3699266	3.0447
3729296	2.9893
3759569	2.9343
3790088	3.0606
3820855	3.0041
3851872	2.8970
3883140	2.9698
3914663	3.0651
3946441	3.0382
3978477	3.0481
4010773	2.9575
4043332	3.1795
4076154	3.0165
4109243	2.8707
4142601	2.9403
4176230	2.9620
4210131	2.9990
4244308	3.0582
4278762	2.9267
4313496	2.8529
4348512	2.8468
4383812	2.7943
4419399	2.9827
4455274	2.9460
4491441	3.1000
4527901	3.0284
4564657	2.9317
4601712	3.0031
4639068	2.9500
4676726	2.9044
4714691	3.0283
4752963	2.9284
4791547	2.9345
4830443	2.8535
4869656	2.8836
4909186	2.8609
4949038	3.0478
4989213	2.7509
5029714	2.7681
5070544	2.9237
5111705	2.8973
5153200	2.9038
5195033	2.8200
5237205	2.8212
5279719	2.8900
5322578	2.9100
5365786	2.9100
5409344	2.9100
5453255	2.9100
5497523	2.9100
5542151	2.9100
5587140	2.9100
5632495	2.9100
5678218	2.9100
5724313	2.9100
5770781	2.9100
5817627	2.9100
5864853	2.9100
5912462	2.9100
5960458	2.9100
6008843	2.9100
6057622	2.9100
6106796	2.9100
6156369	2.9100
6206345	2.9100
6256726	2.9100
6307517	2.9100
6358720	2.9100
6410338	2.9100
6462376	2.9100
6514835	2.9100
6567721	2.9100
6621036	2.9100
6674784	2.9100
6728968	2.9100
6783592	2.9100
6838660	2.9100
6894174	2.9100
6950139	2.9100
7006558	2.9100
7063436	2.9100
7120775	2.9100
7178580	2.9100
7236853	2.9100
7295600	2.9100
7354824	2.9100
7414528	2.9100
7474718	2.9100
7535395	2.9100
7596566	2.9100
7658233	2.9100
7720400	2.9100
7783072	2.9100
7846253	2.9100
7909947	2.9100
7974158	2.9100
8038890	2.9100
8104148	2.9100
8169935	2.9100
8236256	2.9100
8303116	2.9100
8370519	2.9100
8438468	2.9100
8506970	2.9100
8576027	2.9100
8645645	2.9100
8715828	2.9100
8786581	2.9100
8857908	2.9100
8929814	2.9100
9002304	2.9100
9075382	2.9100
9149054	2.9100
9223324	2.9100
9298196	2.9100
9373676	2.9100
9449769	2.9100
9526480	2.9100
9603814	2.9100
9681775	2.9100
9760369	2.9100
9839601	2.9100
9919476	2.9100
10000000	2.9100
