% LR04 stack of d18O (Lisiecki and Raymo 2005)
% http://lorraine-lisiecki.com/LR04stack.txt
% Column 1: Year (start year 1950)
% Column 2: Benthic d18O (per mil)
0	3.23
1000	3.23
2000	3.18
3000	3.29
4000	3.30
5000	3.26
6000	3.33
7000	3.37
8000	3.42
9000	3.38
10000	3.52
11000	3.60
12000	3.92
13000	4.06
14000	4.28
15000	4.49
16000	4.75
17000	4.88
18000	5.02
19000	4.96
20000	4.99
21000	4.91
22000	4.88
23000	4.86
24000	4.81
25000	4.82
26000	4.67
27000	4.75
28000	4.75
29000	4.73
30000	4.62
31000	4.62
32000	4.60
33000	4.58
34000	4.59
35000	4.54
36000	4.45
37000	4.46
38000	4.41
39000	4.55
40000	4.55
41000	4.51
42000	4.50
43000	4.46
44000	4.48
45000	4.33
46000	4.36
47000	4.38
48000	4.45
49000	4.46
50000	4.34
51000	4.33
52000	4.31
53000	4.44
54000	4.38
55000	4.31
56000	4.35
57000	4.43
58000	4.49
59000	4.43
60000	4.60
61000	4.51
62000	4.60
63000	4.53
64000	4.36
65000	4.48
66000	4.57
67000	4.44
68000	4.42
69000	4.47
70000	4.32
71000	4.22
72000	4.21
73000	4.23
74000	4.03
75000	3.95
76000	4.06
77000	4.08
78000	4.05
79000	4.05
80000	3.90
81000	3.82
82000	3.80
83000	3.83
84000	3.82
85000	3.95
86000	4.06
87000	4.18
88000	4.11
89000	4.08
90000	4.06
91000	4.03
92000	3.98
93000	3.90
94000	3.84
95000	3.77
96000	3.75
97000	3.83
98000	3.90
99000	3.78
100000	3.81
101000	3.92
102000	3.86
103000	3.88
104000	3.92
105000	3.85
106000	4.00
107000	4.04
108000	4.11
109000	4.12
110000	4.04
111000	4.02
112000	4.03
113000	3.93
114000	3.81
115000	3.71
116000	3.58
117000	3.54
118000	3.44
119000	3.30
120000	3.27
121000	3.26
122000	3.18
123000	3.10
124000	3.27
125000	3.14
126000	3.16
127000	3.37
128000	3.71
129000	3.90
130000	3.67
131000	3.81
132000	4.20
133000	4.41
134000	4.70
135000	4.86
136000	4.82
137000	4.80
138000	4.89
139000	4.87
140000	4.98
141000	4.81
142000	4.75
143000	4.78
144000	4.82
145000	4.74
146000	4.77
147000	4.82
148000	4.71
149000	4.75
150000	4.75
151000	4.66
152000	4.64
153000	4.62
154000	4.66
155000	4.51
156000	4.78
157000	4.74
158000	4.69
159000	4.66
160000	4.69
161000	4.65
162000	4.66
163000	4.70
164000	4.68
165000	4.68
166000	4.48
167000	4.41
168000	4.48
169000	4.50
170000	4.50
171000	4.53
172000	4.46
173000	4.38
174000	4.28
175000	4.32
176000	4.39
177000	4.46
178000	4.44
179000	4.48
180000	4.39
181000	4.46
182000	4.48
183000	4.37
184000	4.40
185000	4.59
186000	4.47
187000	4.40
188000	4.46
189000	4.39
190000	4.28
191000	4.13
192000	3.76
193000	3.92
194000	3.84
195000	3.91
196000	3.82
197000	3.74
198000	3.82
199000	3.57
200000	3.53
201000	3.53
202000	3.63
203000	3.61
204000	3.78
205000	3.82
206000	3.77
207000	3.78
208000	3.71
209000	3.64
210000	3.57
211000	3.60
212000	3.61
213000	3.65
214000	3.56
215000	3.54
216000	3.53
217000	3.48
218000	3.72
219000	3.94
220000	3.98
221000	4.23
222000	4.38
223000	4.44
224000	4.39
225000	4.28
226000	4.29
227000	4.19
228000	4.19
229000	4.02
230000	4.30
231000	4.22
232000	4.17
233000	3.97
234000	3.84
235000	3.71
236000	3.66
237000	3.47
238000	3.51
239000	3.44
240000	3.44
241000	3.54
242000	3.68
243000	3.78
244000	4.05
245000	4.17
246000	4.38
247000	4.31
248000	4.38
249000	4.36
250000	4.50
251000	4.58
252000	4.63
253000	4.52
254000	4.57
255000	4.37
256000	4.43
257000	4.55
258000	4.51
259000	4.52
260000	4.46
261000	4.52
262000	4.45
263000	4.46
264000	4.42
265000	4.44
266000	4.50
267000	4.50
268000	4.33
269000	4.52
270000	4.51
271000	4.50
272000	4.44
273000	4.44
274000	4.38
275000	4.38
276000	4.30
277000	4.44
278000	4.31
279000	4.23
280000	4.14
281000	4.21
282000	3.98
283000	3.87
284000	3.86
285000	3.84
286000	3.82
287000	3.89
288000	4.02
289000	4.06
290000	4.10
291000	4.11
292000	4.27
293000	4.22
294000	4.33
295000	4.31
296000	4.23
297000	4.30
298000	4.17
299000	4.23
300000	4.02
301000	4.06
302000	4.06
303000	4.00
304000	4.07
305000	4.07
306000	4.05
307000	4.00
308000	3.85
309000	3.86
310000	3.80
311000	3.70
312000	3.79
313000	3.69
314000	3.77
315000	3.62
316000	3.69
317000	3.89
318000	3.76
319000	3.58
320000	3.66
321000	3.53
322000	3.53
323000	3.47
324000	3.21
325000	3.31
326000	3.23
327000	3.22
328000	3.23
329000	3.19
330000	3.30
331000	3.29
332000	3.39
333000	3.38
334000	3.51
335000	3.75
336000	4.08
337000	4.23
338000	4.17
339000	4.42
340000	4.60
341000	4.84
342000	4.83
343000	4.80
344000	4.76
345000	4.79
346000	4.68
347000	4.53
348000	4.49
349000	4.62
350000	4.67
351000	4.64
352000	4.47
353000	4.47
354000	4.40
355000	4.59
356000	4.46
357000	4.55
358000	4.58
359000	4.49
360000	4.54
361000	4.50
362000	4.50
363000	4.53
364000	4.36
365000	4.46
366000	4.32
367000	4.37
368000	4.40
369000	4.38
370000	4.36
371000	4.27
372000	4.42
373000	4.29
374000	4.34
375000	4.20
376000	4.21
377000	4.20
378000	4.19
379000	4.17
380000	4.19
381000	4.15
382000	4.05
383000	4.12
384000	4.08
385000	4.14
386000	4.02
387000	3.99
388000	3.92
389000	3.89
390000	3.96
391000	4.00
392000	3.97
393000	3.86
394000	3.92
395000	3.76
396000	3.72
397000	3.47
398000	3.54
399000	3.48
400000	3.32
401000	3.20
402000	3.17
403000	3.15
404000	3.20
405000	3.11
406000	3.19
407000	3.21
408000	3.17
409000	3.22
410000	3.15
411000	3.29
412000	3.31
413000	3.38
414000	3.41
415000	3.41
416000	3.51
417000	3.57
418000	3.75
419000	3.81
420000	3.77
421000	3.85
422000	3.94
423000	4.02
424000	3.92
425000	4.30
426000	4.50
427000	4.30
428000	4.72
429000	4.91
430000	4.98
431000	5.05
432000	5.05
433000	5.08
434000	5.08
435000	5.02
436000	5.07
437000	4.90
438000	4.79
439000	4.87
440000	4.76
441000	4.95
442000	4.96
443000	4.91
444000	4.82
445000	4.91
446000	4.82
447000	4.51
448000	4.77
449000	4.73
450000	4.75
451000	4.58
452000	4.73
453000	4.56
454000	4.60
455000	4.41
456000	4.62
457000	4.63
458000	4.55
459000	4.63
460000	4.56
461000	4.59
462000	4.61
463000	4.61
464000	4.44
465000	4.57
466000	4.46
467000	4.44
468000	4.38
469000	4.51
470000	4.33
471000	4.25
472000	4.32
473000	4.36
474000	4.39
475000	4.35
476000	4.30
477000	4.27
478000	4.22
479000	4.12
480000	4.12
481000	4.17
482000	4.01
483000	3.97
484000	3.79
485000	3.81
486000	3.76
487000	3.72
488000	3.67
489000	3.60
490000	3.54
491000	3.47
492000	3.63
493000	3.72
494000	3.83
495000	3.83
496000	3.83
497000	3.68
498000	3.82
499000	3.75
500000	3.84
501000	3.78
502000	3.75
503000	3.81
504000	3.91
505000	3.86
506000	4.01
507000	3.93
508000	4.16
509000	4.06
510000	4.14
511000	4.06
512000	4.22
513000	4.25
514000	4.10
515000	4.10
516000	4.01
517000	3.96
518000	4.07
519000	3.96
520000	3.95
521000	3.91
522000	3.88
523000	3.93
524000	3.83
525000	3.92
526000	3.97
527000	3.96
528000	3.92
529000	3.99
530000	3.97
531000	3.92
532000	4.01
533000	4.11
534000	4.27
535000	4.29
536000	4.55
537000	4.43
538000	4.54
539000	4.48
540000	4.53
541000	4.50
542000	4.45
543000	4.45
544000	4.46
545000	4.43
546000	4.51
547000	4.53
548000	4.55
549000	4.53
550000	4.50
551000	4.45
552000	4.52
553000	4.46
554000	4.29
555000	4.25
556000	4.39
557000	4.35
558000	4.25
559000	4.17
560000	4.14
561000	4.21
562000	4.14
563000	4.17
564000	4.01
565000	3.96
566000	3.86
567000	3.94
568000	4.00
569000	3.97
570000	3.91
571000	3.89
572000	3.59
573000	3.65
574000	3.73
575000	3.39
576000	3.46
577000	3.48
578000	3.50
579000	3.57
580000	3.69
581000	4.00
582000	4.13
583000	4.29
584000	4.31
585000	4.33
586000	4.18
587000	4.11
588000	4.19
589000	4.07
590000	4.09
591000	4.07
592000	4.02
593000	3.99
594000	3.90
595000	3.88
596000	3.89
597000	3.80
598000	3.99
599000	4.02
600000	4.07
602000	3.97
604000	3.77
606000	3.80
608000	3.80
610000	3.49
612000	3.52
614000	3.53
616000	3.66
618000	3.81
620000	4.09
622000	4.31
624000	4.63
626000	4.90
628000	5.01
630000	5.08
632000	5.05
634000	4.93
636000	5.00
638000	4.80
640000	5.01
642000	4.75
644000	4.68
646000	4.72
648000	4.75
650000	4.71
652000	4.79
654000	4.77
656000	4.57
658000	4.58
660000	4.64
662000	4.80
664000	4.58
666000	4.50
668000	4.65
670000	4.42
672000	4.52
674000	4.46
676000	4.40
678000	4.26
680000	4.14
682000	4.15
684000	4.03
686000	4.13
688000	3.95
690000	3.70
692000	3.71
694000	3.64
696000	3.50
698000	3.57
700000	3.65
702000	3.76
704000	3.84
706000	3.93
708000	4.03
710000	3.98
712000	4.06
714000	4.29
716000	4.61
718000	4.75
720000	4.66
722000	4.65
724000	4.44
726000	4.32
728000	4.16
730000	4.16
732000	4.02
734000	4.15
736000	4.19
738000	4.21
740000	4.11
742000	4.17
744000	4.48
746000	4.67
748000	4.59
750000	4.60
752000	4.48
754000	4.55
756000	4.59
758000	4.26
760000	4.33
762000	4.11
764000	4.28
766000	4.11
768000	4.07
770000	3.99
772000	3.87
774000	3.76
776000	3.64
778000	3.56
780000	3.48
782000	3.54
784000	3.55
786000	3.68
788000	3.70
790000	4.16
792000	4.27
794000	4.74
796000	4.67
798000	4.68
800000	4.68
802000	4.73
804000	4.55
806000	4.53
808000	4.49
810000	4.31
812000	4.38
814000	4.12
816000	4.08
818000	3.90
820000	3.96
822000	3.90
824000	3.92
826000	4.11
828000	3.95
830000	4.04
832000	4.07
834000	3.95
836000	3.82
838000	3.99
840000	4.02
842000	3.81
844000	3.67
846000	3.58
848000	3.63
850000	3.50
852000	3.65
854000	3.63
856000	3.46
858000	3.42
860000	3.45
862000	3.68
864000	3.58
866000	4.06
868000	4.32
870000	4.51
872000	4.67
874000	4.68
876000	4.69
878000	4.59
880000	4.68
882000	4.42
884000	4.47
886000	4.47
888000	4.45
890000	4.39
892000	4.32
894000	4.41
896000	4.40
898000	4.33
900000	4.29
902000	4.17
904000	4.14
906000	4.12
908000	3.99
910000	3.99
912000	4.09
914000	4.03
916000	4.06
918000	4.37
920000	4.51
922000	4.55
924000	4.43
926000	4.38
928000	4.26
930000	4.10
932000	4.07
934000	3.98
936000	4.02
938000	3.86
940000	3.89
942000	3.69
944000	3.57
946000	3.63
948000	3.48
950000	3.44
952000	3.30
954000	3.39
956000	3.33
958000	3.73
960000	4.16
962000	4.42
964000	4.58
966000	4.30
968000	4.21
970000	4.09
972000	3.98
974000	3.87
976000	3.77
978000	3.72
980000	3.76
982000	3.99
984000	4.15
986000	4.24
988000	4.21
990000	4.11
992000	4.06
994000	3.94
996000	3.84
998000	3.84
1000000	3.94
1002000	4.15
1004000	4.28
1006000	4.22
1008000	4.22
1010000	4.12
1012000	4.13
1014000	3.99
1016000	3.73
1018000	3.78
1020000	3.83
1022000	3.57
1024000	3.64
1026000	3.87
1028000	3.84
1030000	3.95
1032000	4.08
1034000	4.36
1036000	4.33
1038000	4.54
1040000	4.33
1042000	4.23
1044000	4.38
1046000	4.22
1048000	4.29
1050000	4.18
1052000	4.27
1054000	4.25
1056000	4.12
1058000	4.23
1060000	4.08
1062000	3.94
1064000	3.66
1066000	3.48
1068000	3.33
1070000	3.34
1072000	3.21
1074000	3.42
1076000	3.48
1078000	3.54
1080000	3.61
1082000	3.81
1084000	3.70
1086000	3.89
1088000	3.91
1090000	3.95
1092000	4.01
1094000	4.00
1096000	4.03
1098000	4.29
1100000	4.08
1102000	4.03
1104000	3.93
1106000	3.83
1108000	3.67
1110000	3.85
1112000	3.84
1114000	4.12
1116000	4.14
1118000	4.20
1120000	4.09
1122000	4.47
1124000	4.34
1126000	4.50
1128000	4.38
1130000	4.32
1132000	4.05
1134000	4.22
1136000	4.24
1138000	4.02
1140000	4.02
1142000	3.97
1144000	3.99
1146000	3.86
1148000	4.02
1150000	3.82
1152000	3.75
1154000	3.76
1156000	3.79
1158000	3.68
1160000	3.60
1162000	3.60
1164000	3.66
1166000	3.53
1168000	3.56
1170000	3.60
1172000	3.73
1174000	3.76
1176000	3.74
1178000	3.80
1180000	3.60
1182000	3.84
1184000	3.65
1186000	3.77
1188000	3.67
1190000	4.05
1192000	4.14
1194000	4.27
1196000	4.28
1198000	4.43
1200000	4.42
1202000	4.20
1204000	4.34
1206000	4.16
1208000	4.32
1210000	4.20
1212000	4.08
1214000	4.10
1216000	3.82
1218000	3.73
1220000	3.97
1222000	3.94
1224000	3.74
1226000	3.63
1228000	3.55
1230000	3.42
1232000	3.41
1234000	3.34
1236000	3.38
1238000	3.35
1240000	3.33
1242000	3.47
1244000	3.85
1246000	4.10
1248000	4.36
1250000	4.31
1252000	4.25
1254000	4.27
1256000	4.11
1258000	3.90
1260000	3.87
1262000	4.07
1264000	3.96
1266000	3.91
1268000	3.91
1270000	3.84
1272000	3.81
1274000	3.84
1276000	3.71
1278000	3.67
1280000	3.56
1282000	3.65
1284000	3.84
1286000	3.97
1288000	4.26
1290000	4.35
1292000	4.14
1294000	3.94
1296000	4.20
1298000	4.15
1300000	4.07
1302000	4.06
1304000	3.97
1306000	3.90
1308000	3.80
1310000	3.65
1312000	3.69
1314000	3.71
1316000	3.59
1318000	3.73
1320000	3.95
1322000	3.94
1324000	3.99
1326000	4.00
1328000	4.09
1330000	4.06
1332000	4.02
1334000	4.19
1336000	4.19
1338000	4.10
1340000	4.19
1342000	4.07
1344000	3.88
1346000	3.86
1348000	3.67
1350000	3.59
1352000	3.49
1354000	3.41
1356000	3.50
1358000	3.55
1360000	3.63
1362000	3.80
1364000	3.98
1366000	3.99
1368000	4.20
1370000	4.04
1372000	4.26
1374000	4.21
1376000	4.08
1378000	4.20
1380000	4.05
1382000	3.96
1384000	3.82
1386000	3.72
1388000	3.61
1390000	3.73
1392000	3.59
1394000	3.70
1396000	3.54
1398000	3.49
1400000	3.56
1402000	3.63
1404000	3.74
1406000	3.97
1408000	3.97
1410000	4.20
1412000	4.40
1414000	4.22
1416000	3.96
1418000	3.84
1420000	3.96
1422000	3.83
1424000	3.72
1426000	3.72
1428000	3.61
1430000	3.52
1432000	3.38
1434000	3.38
1436000	3.24
1438000	3.24
1440000	3.28
1442000	3.34
1444000	3.33
1446000	3.36
1448000	3.35
1450000	3.49
1452000	3.80
1454000	4.20
1456000	4.31
1458000	4.24
1460000	4.10
1462000	4.07
1464000	4.22
1466000	3.99
1468000	3.87
1470000	3.62
1472000	3.45
1474000	3.38
1476000	3.31
1478000	3.42
1480000	3.39
1482000	3.44
1484000	3.57
1486000	3.42
1488000	3.42
1490000	3.51
1492000	3.77
1494000	4.05
1496000	4.36
1498000	4.24
1500000	4.21
1502500	4.29
1505000	4.16
1507500	4.15
1510000	4.02
1512500	3.74
1515000	3.69
1517500	3.79
1520000	3.64
1522500	3.67
1525000	3.70
1527500	3.89
1530000	3.96
1532500	4.20
1535000	4.41
1537500	4.35
1540000	4.38
1542500	4.30
1545000	4.07
1547500	3.97
1550000	3.82
1552500	3.68
1555000	3.72
1557500	3.79
1560000	3.76
1562500	3.58
1565000	3.56
1567500	3.73
1570000	3.85
1572500	4.17
1575000	4.24
1577500	4.18
1580000	3.99
1582500	3.99
1585000	3.80
1587500	3.66
1590000	3.72
1592500	3.86
1595000	3.71
1597500	3.61
1600000	3.53
1602500	3.37
1605000	3.55
1607500	3.66
1610000	3.66
1612500	3.88
1615000	3.84
1617500	3.90
1620000	3.65
1622500	3.68
1625000	3.76
1627500	4.01
1630000	3.55
1632500	3.57
1635000	3.56
1637500	3.60
1640000	3.68
1642500	3.88
1645000	4.05
1647500	4.17
1650000	4.18
1652500	4.25
1655000	4.28
1657500	4.11
1660000	4.13
1662500	4.08
1665000	4.13
1667500	3.91
1670000	3.88
1672500	3.86
1675000	3.55
1677500	3.72
1680000	3.65
1682500	3.57
1685000	3.59
1687500	3.74
1690000	3.72
1692500	3.75
1695000	3.82
1697500	3.77
1700000	4.09
1702500	4.15
1705000	4.12
1707500	4.17
1710000	3.93
1712500	3.86
1715000	3.83
1717500	3.57
1720000	3.52
1722500	3.72
1725000	3.79
1727500	3.80
1730000	3.74
1732500	3.86
1735000	3.60
1737500	3.60
1740000	3.71
1742500	3.69
1745000	4.13
1747500	4.21
1750000	4.16
1752500	3.85
1755000	3.74
1757500	3.83
1760000	3.53
1762500	3.63
1765000	3.49
1767500	3.52
1770000	3.48
1772500	3.38
1775000	3.53
1777500	3.57
1780000	3.65
1782500	3.80
1785000	3.77
1787500	3.85
1790000	3.99
1792500	4.06
1795000	4.09
1797500	3.89
1800000	3.95
1802500	3.80
1805000	3.68
1807500	3.66
1810000	3.52
1812500	3.68
1815000	3.61
1817500	3.98
1820000	3.82
1822500	3.73
1825000	3.72
1827500	3.65
1830000	3.42
1832500	3.63
1835000	3.68
1837500	3.57
1840000	3.57
1842500	3.57
1845000	3.61
1847500	3.80
1850000	3.62
1852500	3.61
1855000	3.56
1857500	3.64
1860000	3.89
1862500	4.19
1865000	4.16
1867500	3.97
1870000	3.95
1872500	3.83
1875000	3.84
1877500	3.73
1880000	3.77
1882500	3.69
1885000	3.75
1887500	3.59
1890000	3.68
1892500	3.61
1895000	3.74
1897500	3.69
1900000	4.02
1902500	3.93
1905000	4.01
1907500	3.83
1910000	3.81
1912500	3.81
1915000	3.70
1917500	3.64
1920000	3.70
1922500	3.65
1925000	3.50
1927500	3.48
1930000	3.51
1932500	3.45
1935000	3.52
1937500	3.58
1940000	3.51
1942500	4.02
1945000	4.03
1947500	4.17
1950000	4.10
1952500	4.02
1955000	3.89
1957500	3.77
1960000	3.86
1962500	3.90
1965000	3.74
1967500	3.61
1970000	3.75
1972500	3.50
1975000	3.55
1977500	3.45
1980000	3.33
1982500	3.38
1985000	3.36
1987500	3.52
1990000	3.65
1992500	3.68
1995000	3.58
1997500	3.69
2000000	3.85
2002500	3.81
2005000	3.92
2007500	3.89
2010000	3.55
2012500	3.63
2015000	3.81
2017500	3.54
2020000	3.57
2022500	3.46
2025000	3.24
2027500	3.44
2030000	3.34
2032500	3.36
2035000	3.56
2037500	3.63
2040000	3.67
2042500	3.62
2045000	3.92
2047500	3.78
2050000	3.71
2052500	3.62
2055000	3.60
2057500	3.72
2060000	3.74
2062500	3.88
2065000	4.18
2067500	4.18
2070000	4.21
2072500	4.28
2075000	4.16
2077500	4.15
2080000	3.96
2082500	3.99
2085000	3.85
2087500	3.88
2090000	3.70
2092500	3.63
2095000	3.49
2097500	3.46
2100000	3.44
2102500	3.55
2105000	3.66
2107500	3.63
2110000	3.51
2112500	3.50
2115000	3.50
2117500	3.72
2120000	3.68
2122500	3.68
2125000	3.50
2127500	3.47
2130000	3.32
2132500	3.29
2135000	3.29
2137500	3.34
2140000	3.23
2142500	3.44
2145000	3.60
2147500	4.00
2150000	4.15
2152500	4.22
2155000	4.23
2157500	4.10
2160000	4.15
2162500	3.94
2165000	3.88
2167500	3.77
2170000	3.69
2172500	3.67
2175000	3.56
2177500	3.50
2180000	3.36
2182500	3.41
2185000	3.42
2187500	3.38
2190000	3.56
2192500	3.68
2195000	3.77
2197500	3.83
2200000	3.86
2202500	3.83
2205000	3.74
2207500	3.60
2210000	3.59
2212500	3.46
2215000	3.59
2217500	3.61
2220000	3.57
2222500	3.49
2225000	3.39
2227500	3.42
2230000	3.46
2232500	3.49
2235000	3.56
2237500	3.80
2240000	4.01
2242500	3.87
2245000	3.80
2247500	3.72
2250000	3.61
2252500	3.45
2255000	3.39
2257500	3.32
2260000	3.21
2262500	3.30
2265000	3.45
2267500	3.37
2270000	3.48
2272500	3.50
2275000	3.87
2277500	3.80
2280000	3.84
2282500	3.91
2285000	3.80
2287500	3.69
2290000	3.68
2292500	3.46
2295000	3.45
2297500	3.27
2300000	3.28
2302500	3.36
2305000	3.35
2307500	3.43
2310000	3.61
2312500	3.70
2315000	3.74
2317500	3.75
2320000	3.76
2322500	3.60
2325000	3.52
2327500	3.64
2330000	3.64
2332500	3.52
2335000	3.39
2337500	3.29
2340000	3.20
2342500	3.33
2345000	3.37
2347500	3.25
2350000	3.58
2352500	3.72
2355000	3.80
2357500	3.96
2360000	3.92
2362500	3.76
2365000	3.87
2367500	3.63
2370000	3.72
2372500	3.63
2375000	3.39
2377500	3.38
2380000	3.37
2382500	3.24
2385000	3.33
2387500	3.48
2390000	3.54
2392500	3.60
2395000	3.41
2397500	3.46
2400000	3.48
2402500	3.67
2405000	3.69
2407500	3.41
2410000	3.29
2412500	3.37
2415000	3.37
2417500	3.33
2420000	3.35
2422500	3.53
2425000	3.49
2427500	3.66
2430000	3.93
2432500	4.17
2435000	4.09
2437500	4.14
2440000	4.01
2442500	4.00
2445000	3.95
2447500	3.91
2450000	3.73
2452500	3.69
2455000	3.45
2457500	3.39
2460000	3.39
2462500	3.21
2465000	3.25
2467500	3.31
2470000	3.32
2472500	3.43
2475000	3.57
2477500	3.70
2480000	3.70
2482500	3.96
2485000	3.99
2487500	4.16
2490000	3.83
2492500	3.65
2495000	3.62
2497500	3.43
2500000	3.18
2502500	3.35
2505000	3.48
2507500	3.42
2510000	3.65
2512500	3.76
2515000	3.89
2517500	4.12
2520000	4.13
2522500	4.06
2525000	4.13
2527500	4.03
2530000	3.89
2532500	3.93
2535000	3.73
2537500	3.74
2540000	3.63
2542500	3.35
2545000	3.27
2547500	3.18
2550000	3.21
2552500	3.28
2555000	3.43
2557500	3.39
2560000	3.37
2562500	3.38
2565000	3.63
2567500	3.53
2570000	3.47
2572500	3.47
2575000	3.41
2577500	3.32
2580000	3.23
2582500	3.26
2585000	3.16
2587500	3.27
2590000	3.43
2592500	3.45
2595000	3.47
2597500	3.74
2600000	3.90
2602500	3.86
2605000	3.81
2607500	3.85
2610000	3.62
2612500	3.64
2615000	3.44
2617500	3.45
2620000	3.27
2622500	3.24
2625000	3.31
2627500	3.26
2630000	3.23
2632500	3.44
2635000	3.45
2637500	3.48
2640000	3.66
2642500	3.72
2645000	3.84
2647500	3.69
2650000	3.51
2652500	3.41
2655000	3.35
2657500	3.14
2660000	3.23
2662500	3.05
2665000	3.25
2667500	3.24
2670000	3.19
2672500	3.20
2675000	3.22
2677500	3.36
2680000	3.37
2682500	3.54
2685000	3.68
2687500	3.75
2690000	3.61
2692500	3.53
2695000	3.61
2697500	3.57
2700000	3.61
2702500	3.48
2705000	3.79
2707500	3.76
2710000	3.70
2712500	3.76
2715000	3.87
2717500	3.80
2720000	3.80
2722500	3.77
2725000	3.66
2727500	3.61
2730000	3.47
2732500	3.39
2735000	3.27
2737500	3.12
2740000	3.18
2742500	3.04
2745000	3.15
2747500	3.09
2750000	3.13
2752500	3.21
2755000	3.19
2757500	3.16
2760000	3.27
2762500	3.24
2765000	3.24
2767500	3.15
2770000	3.13
2772500	3.28
2775000	3.31
2777500	3.23
2780000	3.18
2782500	3.16
2785000	3.19
2787500	3.24
2790000	3.21
2792500	3.26
2795000	3.41
2797500	3.40
2800000	3.50
2802500	3.74
2805000	3.78
2807500	3.73
2810000	3.65
2812500	3.66
2815000	3.63
2817500	3.45
2820000	3.38
2822500	3.26
2825000	3.15
2827500	3.12
2830000	3.16
2832500	3.11
2835000	3.17
2837500	3.27
2840000	3.34
2842500	3.42
2845000	3.38
2847500	3.50
2850000	3.40
2852500	3.42
2855000	3.44
2857500	3.33
2860000	3.19
2862500	3.25
2865000	3.37
2867500	3.31
2870000	3.30
2872500	3.23
2875000	3.23
2877500	3.47
2880000	3.48
2882500	3.45
2885000	3.50
2887500	3.46
2890000	3.49
2892500	3.34
2895000	3.29
2897500	3.14
2900000	3.22
2902500	3.21
2905000	3.32
2907500	3.28
2910000	3.27
2912500	3.30
2915000	3.49
2917500	3.41
2920000	3.51
2922500	3.50
2925000	3.50
2927500	3.33
2930000	3.43
2932500	3.51
2935000	3.31
2937500	3.18
2940000	3.09
2942500	2.95
2945000	2.95
2947500	3.06
2950000	2.93
2952500	2.92
2955000	3.16
2957500	3.23
2960000	3.08
2962500	3.18
2965000	3.16
2967500	3.35
2970000	3.30
2972500	3.33
2975000	3.48
2977500	3.43
2980000	3.45
2982500	3.26
2985000	3.07
2987500	3.15
2990000	3.18
2992500	3.21
2995000	3.20
2997500	3.22
3000000	3.36
3005000	3.44
3010000	3.46
3015000	3.52
3020000	3.49
3025000	3.32
3030000	3.13
3035000	3.09
3040000	3.23
3045000	3.31
3050000	3.33
3055000	3.14
3060000	2.95
3065000	3.05
3070000	3.09
3075000	3.10
3080000	3.09
3085000	2.94
3090000	3.18
3095000	3.18
3100000	3.08
3105000	3.06
3110000	3.13
3115000	3.22
3120000	3.26
3125000	3.34
3130000	3.38
3135000	3.45
3140000	3.38
3145000	3.35
3150000	3.16
3155000	2.95
3160000	3.01
3165000	3.04
3170000	3.14
3175000	3.19
3180000	3.16
3185000	3.08
3190000	2.95
3195000	3.09
3200000	3.02
3205000	3.00
3210000	3.02
3215000	3.20
3220000	3.13
3225000	3.21
3230000	3.13
3235000	3.24
3240000	3.04
3245000	3.04
3250000	3.03
3255000	3.17
3260000	3.16
3265000	3.32
3270000	3.27
3275000	3.33
3280000	3.26
3285000	3.40
3290000	3.65
3295000	3.74
3300000	3.71
3305000	3.42
3310000	3.37
3315000	3.22
3320000	3.10
3325000	3.20
3330000	3.21
3335000	3.25
3340000	3.41
3345000	3.31
3350000	3.18
3355000	3.22
3360000	3.17
3365000	3.11
3370000	3.15
3375000	3.35
3380000	3.35
3385000	3.25
3390000	3.16
3395000	3.08
3400000	3.13
3405000	3.14
3410000	3.08
3415000	2.99
3420000	3.10
3425000	3.20
3430000	3.11
3435000	2.90
3440000	2.90
3445000	3.04
3450000	3.12
3455000	3.03
3460000	3.07
3465000	3.23
3470000	3.09
3475000	2.92
3480000	2.89
3485000	3.00
3490000	2.98
3495000	3.06
3500000	2.93
3505000	2.95
3510000	2.97
3515000	3.04
3520000	3.11
3525000	3.18
3530000	3.14
3535000	3.01
3540000	2.92
3545000	3.01
3550000	3.11
3555000	3.12
3560000	3.14
3565000	3.05
3570000	2.89
3575000	2.94
3580000	3.18
3585000	3.16
3590000	3.15
3595000	2.99
3600000	3.00
3605000	3.09
3610000	2.93
3615000	3.04
3620000	3.20
3625000	3.33
3630000	3.41
3635000	3.29
3640000	3.05
3645000	2.98
3650000	2.96
3655000	3.14
3660000	3.18
3665000	3.40
3670000	3.45
3675000	3.21
3680000	3.05
3685000	2.98
3690000	2.92
3695000	3.02
3700000	3.05
3705000	3.10
3710000	3.28
3715000	3.29
3720000	2.97
3725000	2.83
3730000	3.00
3735000	2.93
3740000	2.96
3745000	3.20
3750000	3.08
3755000	2.98
3760000	2.93
3765000	2.89
3770000	3.09
3775000	3.08
3780000	3.05
3785000	2.97
3790000	3.06
3795000	3.21
3800000	3.00
3805000	3.10
3810000	3.05
3815000	3.00
3820000	2.99
3825000	3.22
3830000	3.26
3835000	3.05
3840000	2.86
3845000	2.88
3850000	2.90
3855000	2.89
3860000	2.89
3865000	3.17
3870000	3.16
3875000	3.25
3880000	3.01
3885000	2.95
3890000	2.89
3895000	3.06
3900000	2.92
3905000	2.92
3910000	2.87
3915000	3.07
3920000	3.08
3925000	2.91
3930000	2.89
3935000	2.83
3940000	2.97
3945000	3.04
3950000	3.02
3955000	2.90
3960000	2.89
3965000	2.94
3970000	3.01
3975000	3.01
3980000	3.06
3985000	3.06
3990000	3.24
3995000	3.30
4000000	3.23
4005000	3.16
4010000	2.96
4015000	2.95
4020000	3.07
4025000	3.02
4030000	3.12
4035000	3.17
4040000	3.20
4045000	3.16
4050000	3.06
4055000	3.06
4060000	3.10
4065000	3.01
4070000	3.08
4075000	3.02
4080000	3.01
4085000	3.03
4090000	3.07
4095000	3.07
4100000	2.87
4105000	2.88
4110000	2.87
4115000	2.91
4120000	2.94
4125000	3.00
4130000	2.82
4135000	2.98
4140000	2.92
4145000	2.98
4150000	3.11
4155000	3.16
4160000	3.11
4165000	3.00
4170000	3.06
4175000	2.99
4180000	2.87
4185000	2.86
4190000	2.95
4195000	3.04
4200000	3.11
4205000	3.04
4210000	3.00
4215000	2.85
4220000	3.00
4225000	2.98
4230000	2.91
4235000	3.03
4240000	3.03
4245000	3.06
4250000	2.99
4255000	3.10
4260000	2.95
4265000	2.96
4270000	2.88
4275000	3.06
4280000	2.90
4285000	2.95
4290000	3.02
4295000	3.03
4300000	3.04
4305000	2.88
4310000	2.86
4315000	2.85
4320000	2.84
4325000	2.83
4330000	3.00
4335000	2.85
4340000	2.73
4345000	2.87
4350000	2.84
4355000	2.89
4360000	3.03
4365000	3.07
4370000	2.95
4375000	2.89
4380000	2.98
4385000	2.76
4390000	2.83
4395000	2.94
4400000	2.99
4405000	3.08
4410000	3.03
4415000	3.13
4420000	2.97
4425000	2.94
4430000	2.88
4435000	2.92
4440000	2.88
4445000	2.90
4450000	3.03
4455000	2.95
4460000	2.85
4465000	2.85
4470000	2.87
4475000	2.86
4480000	2.95
4485000	2.92
4490000	3.10
4495000	3.10
4500000	3.12
4505000	3.07
4510000	2.93
4515000	2.99
4520000	2.79
4525000	3.01
4530000	3.04
4535000	3.09
4540000	2.87
4545000	2.81
4550000	2.88
4555000	2.90
4560000	3.02
4565000	2.93
4570000	2.98
4575000	3.16
4580000	3.11
4585000	3.10
4590000	3.00
4595000	3.00
4600000	2.98
4605000	3.09
4610000	3.14
4615000	3.05
4620000	3.04
4625000	3.01
4630000	3.02
4635000	2.95
4640000	2.95
4645000	2.93
4650000	3.09
4655000	3.13
4660000	2.88
4665000	2.97
4670000	2.86
4675000	2.92
4680000	2.86
4685000	3.06
4690000	3.17
4695000	3.08
4700000	3.13
4705000	2.97
4710000	2.92
4715000	3.03
4720000	2.95
4725000	3.13
4730000	3.14
4735000	3.09
4740000	2.91
4745000	2.96
4750000	3.04
4755000	2.86
4760000	2.92
4765000	3.00
4770000	3.20
4775000	3.17
4780000	3.00
4785000	2.99
4790000	2.93
4795000	2.96
4800000	2.99
4805000	2.99
4810000	3.15
4815000	3.15
4820000	3.03
4825000	2.83
4830000	2.85
4835000	2.96
4840000	3.04
4845000	3.24
4850000	3.30
4855000	3.08
4860000	3.06
4865000	2.98
4870000	2.88
4875000	2.86
4880000	2.91
4885000	3.18
4890000	3.27
4895000	3.30
4900000	3.15
4905000	3.03
4910000	2.85
4915000	2.85
4920000	2.96
4925000	2.77
4930000	2.91
4935000	3.03
4940000	3.07
4945000	3.03
4950000	3.05
4955000	2.84
4960000	2.86
4965000	2.91
4970000	2.93
4975000	2.94
4980000	3.17
4985000	2.95
4990000	2.74
4995000	2.85
5000000	2.79
5005000	2.95
5010000	2.94
5015000	2.87
5020000	2.74
5025000	2.74
5030000	2.77
5035000	2.79
5040000	3.06
5045000	3.17
5050000	3.04
5055000	3.06
5060000	2.85
5065000	2.90
5070000	2.93
5075000	2.69
5080000	2.78
5085000	2.81
5090000	2.66
5095000	2.88
5100000	3.00
5105000	3.04
5110000	2.92
5115000	2.86
5120000	2.80
5125000	2.72
5130000	2.68
5135000	2.65
5140000	2.94
5145000	2.90
5150000	2.89
5155000	2.91
5160000	2.82
5165000	2.95
5170000	3.02
5175000	3.21
5180000	3.11
5185000	3.02
5190000	3.00
5195000	2.82
5200000	2.86
5205000	3.00
5210000	2.96
5215000	2.87
5220000	2.84
5225000	2.93
5230000	2.98
5235000	2.77
5240000	2.92
5245000	2.97
5250000	3.06
5255000	3.09
5260000	3.01
5265000	2.98
5270000	2.80
5275000	2.89
5280000	2.89
5285000	2.80
5290000	2.92
5295000	2.97
5300000	2.91
5305000	2.79
5310000	2.79
5315000	2.84
5320000	2.91
